592638
1003831
1103432
1260235
1449640
1449756
1525480
1528696
2243050
2758565
2760219
3055978
3233861
3658835
3728481
3840990
3891820
4070275
4510637
4598935
4729001
4959676
5024743
5485318
5709314
5868998
5972036
6400274
6400304
6404965
6408102
6470454
6594598
6663331
6670156
6764171
6898572
6942395
7013622
7087454
7088246
7152332
7413227
7422496
7439480
7439481
7904580
7908480
7976072
8995204
9006668
9032368
9033144
9100874
9102327
9166136
9216075
9344899
9385460
10837041
11417087
11518297
11521555
11568464
11927677
11936042
12061971
12421862
12423815
12472275
13021029
13023378
13023738
13349647
13737885
13883872
14029793
14081258
14091633
14091704
14165625
14474806
14614418
14661418
14715294
15445551
16264917
17683158
17762630
17896514
17972582
18344886
18794442
18795429
19283982
19342878
19386010
19447218
19451711
19519368
19547831
19612445
19684256
19686666
20069685
20178111
20299658
20318757
20375215
20627517
20897611
21109090
21113347
21505121
21729546
21747057
22020459
22121296
22221375
22327935
22384839
22452837
22560356
23434737
23435610
24358417
24359682
24608356
24615998
24672160
24692609
24695044
24837152
25063352
25117073
25118689
25119324
25133943
25155278
25155310
25375553
26051436
26305150
27557200
27951093
27966179
27968643
28044954
28046109
29344935
29430403
29436015
29479691
29498876
29716848
29780219
29780740
29780874
29781207
29781292
29781865
29821723
29833696
29857954
29918916
29924770
29984021
29984131
29984231
30031180
30033016
30037565
30106235
30112276
30184584
30185650
30185831
30195491
30267088
30275619
30275847
30349725
30471979
30508512
30537037
30640365
30722286
30731175
30761513
30811026
30819182
30848598
30853470
30853990
30854160
30873996
30910046
30931288
30954770
30991412
31013611
31054498
31106039
31136413
31142436
31167034
31167103
31236325
31258738
31268146
31273219
31300787
31374837
31380871
31382733
31391041
31415158
31496366
31500603
31530569
31531129
31532677
31532827
31553893
31560804
31634579
31636892
31637479
31674660
31674731
31675749
31703300
31703593
31778786
31781999
31786438
31796120
31852980
31858843
31869584
31869787
31870020
31926714
31927196
31928624
31942692
31943299
31945773
31946252
31960531
32000208
32046665
32053481
32069961
32072326
32088907
32090583
32091606
32092337
32094209
32273186
32279509
32348125
32354909
32363108
32365196
32443914
32497972
32498058
32647580
32677675
32925763
32927362
32949762
33048895
33159936
33521996
33548890
33595516
33651215
33664535
33715889
33716474
33831980
33839970
33840575
33840683
33877626
33878688
33880619
33911302
33914700
33946010
34068865
34297761
34395020
34499178
34575166
34737413
34895527
35009898
35106764
35208896
35315453
35351735
35516889
35652085
35678623
35758536
35855047
35905913
35907845
35972578
35973654
36227841
36381058
36452991
36594985
36595481
36601157
36607746
36718161
36724087
36734222
36808091
37062985
37117064
37575651
37754672
37862966
38063444
38118291
38423682
38426221
38460940
38467100
38468621
38468919
38509907
38510224
38570890
38571020
38572031
38583375
38584799
38603752
38633493
38634757
38680567
38682688
38696105
38697559
38699825
38763035
38811818
38821504
38824632
38825357
38843122
38843180
38846515
38877336
38939275
38965512
39018923
39080923
39218269
39654181
39654517
39654532
40076647
40274180
40274741
40342199
40408877
40515061
40516132
40602499
40797020
40891198
40893888
40893999
40974499
41109611
41168873
41173048
41226662
41337967
41481970
41486454
41531212
41586601
42054565
42853087
43230027
43456108
43475220
43599504
43604949
43647325
44510874
44514807
44577874
44764338
44838275
45006631
45492609
45655786
45881495
45996325
46626131
46627476
46698351
46807139
46999289
47143972
47191170
47220926
47295800
47316757
47316976
47381413
47384844
47393760
47402214
47412057
47425697
47482754
47617038
47617161
47636615
47954292
47954306
48103627
48210046
48274889
48292030
48292396
48476907
48476908
49043968
49045066
49046332
49048549
49052849
49066806
49126959
49137560
49296796
49390070
49390251
49390558
49393793
49534600
49687222
50011022
50231394
50269985
50270055
50270149
50272571
50274324
50312495
50344786
50344994
50347453
50379036
50385712
50385715
50443152
50473031
50475704
50493228
50618703
50656469
50712784
50751260
50790199
51288359
52204645
52245692
52256496
52307802
52315301
52365035
52368076
52420398
52517713
53189332
53724519
53725417
53735810
53750844
53895588
53895723
53950487
53953704
53953754
53975488
54002556
54145416
54238138
54962195
55092869
55269996
55363630
55404385
55450156
55452495
55452563
55478151
55480436
55497281
55498082
55525572
55559618
55601400
55605890
55606265
55606317
55649060
55650590
55652896
55661751
55742547
55755757
55756797
55853438
56096837
56662591
57452406
57694405
57793060
58142170
58973400
59128183
60646268
60735803
60768924
60859922
60984804
61020490
61024068
61136885
61138187
61272385
61328532
61329361
61381436
61459046
61462799
61517565
61538902
61615041
61615109
61618979
61621800
61697215
61724596
61726842
61794497
61802871
62085710
62090970
62348182
62480238
62483237
62529888
63697460
63698669
63941995
64032816
64071894
64110751
65362513
65414269
66172548
66497310
66561343
66754047
66755953
66776048
67535663
67703297
67798337
67870098
68030406
68081952
68523365
69183541
69284553
69284571
69747919
69819610
70420766
70440470
70448692
70511571
70513361
70524163
70540608
70780410
70785910
70797900
71088556
71221700
71273195
71341774
71674064
71808539
72123144
72401290
72504017
72504752
72542131
72542944
72572630
72592101
72632899
72638106
72668830
72762674
72806004
72985822
73082014
73228647
73310180
73433128
73649615
73717937
73928163
74046141
74051493
74346212
74646659
74649892
74649918
74741924
74824550
74934381
75076261
75087113
75157778
75160550
75214502
75306937
75470499
75522633
75602529
75687169
75687533
75760449
75830130
75919790
76066400
76167206
76171166
76224662
76226354
76227523
76228620
76383336
76439862
76440874
76447579
76677878
76758733
76894548
76899250
76921510
76922247
76923707
77031414
77044471
77156657
77156829
77175217
77527511
77550515
77958378
78374609
79125456
79658872
79660831
79661701
79748331
79755513
79808825
80059889
80059891
80083854
80091106
80199862
80204009
80254085
80384677
80432617
80439101
80681136
80682484
80778619
80783538
81077799
81693792
82488918
82774262
82949776
83154030
83154764
83394510
83395136
83494672
83839341
83914031
87438239
88684250
88863718
88999533
89003472
89019766
89020549
89305230
89332698
89544985
90048949
90850770
90935909
90935995
91432035
91515391
91526790
91528551
91555165
91594940
91628130
91794828
91911611
92004082
92352620
92443533
92449173
92562123
92615090
92625873
92628802
92788444
92854156
92861875
93093765
93125144
93771344
94011343
94012094
94346376
94483093
94986319
95057860
95709395
96097215
96098342
96150279
96475638
96829917
97401715
97409519
97410755
97432172
97519794
97610426
97822587
97825640
97827016
98186354
98423184
98952744
99181047
100099031
100100823
100100827
100263315
100264497
100267480
100504381
100566492
100589633
100608026
100683605
100757381
100757807
100780304
100921768
100974694
100990000
101179364
101225566
101232323
101272159
101404344
101427252
101427335
101434215
101455096
101496204
101510908
101513965
101544904
101588793
101654574
101691477
101693153
101695517
101695924
101696403
101845280
101883233
101948569
101955023
101961987
102030574
102192004
102625324
102840239
103183399
104022675
104024556
105759569
105882458
106402532
107017977
107018378
107464225
107506563
107610704
111991770
112037211
112099249
112395347
112467884
112613543
112716272
112755167
112827315
112827464
112988537
112989868
113117112
113163511
113239663
113272112
113428669
113496667
113496703
113539554
113594232
113648563
114053589
114054090
114178921
114179771
114181798
114318935
114392303
114749636
114920186
115242351
116156517
117514304
117799904
117934375
117938087
117979455
117979897
118010257
118072143
118139893
118191063
118191083
118196844
118200081
118271395
118271404
118274531
118280350
118324224
118327533
118327550
118399541
118439690
118578646
118603213
118669236
118754987
118798035
118807198
118914286
118919710
118956453
119044273
119045610
119046610
119088593
119088713
119089245
119153127
119159743
119159758
119279664
119279903
119290630
119292328
119379330
119384992
119506281
119623902
119727527
119727544
119774374
119777368
119777589
119822417
119881567
119925436
119983709
120033290
120199940
120245973
120247528
120283373
120297997
120393609
120396319
120401906
120523488
120610833
120896927
121058843
121058849
121096563
121194926
121196411
121248009
121490076
121560868
121563490
121625048
121625070
121632819
121663898
121666838
121667554
121795527
121841079
121926023
121927399
121933402
122227070
122354134
122355918
122399664
122424768
122504932
122608337
122612091
122613513
122617317
122632735
122670213
123064672
123282768
123335278
123368006
123405803
123627908
124029677
124095888
124146529
124169565
124174267
124206468
124235800
124256104
124369049
124453339
124454726
124515764
124593564
124617560
124780430
125228210
125659567
125739286
125835024
125875112
125876981
126125073
126309829
126468953
126976674
127196805
127226712
127229631
127248904
127311697
127315102
127435139
127530399
127602771
127662261
127793615
127861022
127955334
128005970
128231721
128285288
128449971
128531633
128622942
128677641
128680884
128710970
128789719
128791834
128798054
128801876
128840826
128846212
128882149
128966834
128967140
129036837
129038637
129058686
129082047
129082266
129115637
129125448
129187343
129191367
129193604
129319156
129458276
129473370
129637892
129659797
129711632
129890791
129951308
130814025
130924120
131195882
131312528
131427690
131530341
131730580
132611413
132963419
133129971
133331642
133512515
136209118
136504576
136908879
136916387
137730999
138727432
139148528
139198430
139227057
139251123
139285832
139314045
139322307
139327560
139357541
139364395
139371718
139444326
139445453
139445621
139482933
139733308
139771134
139877968
139879080
139899239
139983853
140067837
140284353
140287227
140478472
140493547
140576341
140578606
140595903
140687214
140691463
140760525
140761482
140769687
140830607
140892243
140893722
140938580
140941995
140970632
140971734
141000703
141027221
141074654
141081975
141123393
141151953
141152353
141156374
141184321
141186075
141271560
141281260
141334793
141414257
141472777
141478809
141479660
141485974
141526921
141527579
141527965
141530525
141531904
141545037
141545444
141606986
141607271
141608198
141609717
141610473
141610759
141611838
141624659
141624696
141663460
141663464
141685465
141709215
141709728
141713957
141714083
141765836
141766191
141768070
141768083
141770198
141806598
141809360
141826495
141866704
141867895
141870126
141871560
141943708
142013907
142017278
142018015
142018995
142019343
142049463
142087638
142105158
142108949
142146492
142146752
142147297
142148434
142148712
142171554
142243067
142277868
142378043
142513212
142938659
143032776
143143769
143257768
143294289
143343661
143356858
143408253
143409637
143410850
143413399
143547778
143608725
143649894
143651157
143762693
143768683
143769346
143803539
143821404
143926220
143934343
144000801
144065872
144125919
144155193
144193715
144251856
144301052
144301273
144321743
144327080
144336525
144344224
144443966
144460931
144486060
144645881
144700903
145010886
145204443
145511545
145515899
145525428
145804834
146158902
146172354
146177060
146268684
146343200
146520535
146523262
146589986
146636088
146664561
146708900
146841337
146842334
147092818
147193084
147203645
147284470
147302550
147340930
147425389
147456499
147660886
147723246
147925015
147928636
148307820
148311948
148478039
148497855
148691985
148833828
149022647
149060376
149109125
149120716
149124218
149179763
149215262
149291831
149301575
149302744
149349867
149389419
149392842
149394317
149422355
149424624
149447160
149450435
149497534
149498072
149539158
149572298
149585119
149601126
149603524
149699574
149699591
149788158
149845414
149970599
149989864
149990841
150030205
150063444
150098860
150101958
150151262
150164543
150165700
150166162
150167002
150167749
150186779
150189450
150189454
150191636
150247134
150271680
150272259
150274487
150299840
150320615
150357613
150360010
150389364
150390525
150391997
150392584
150392702
150393390
150393623
150427935
150428135
150428703
150429785
150430481
150430484
150433499
150437346
150513899
151825527
151920165
151950264
152222884
152288334
152467154
152476657
152477897
152504566
152539284
152563846
152569268
152800085
152912754
152936514
152963553
153065527
153078576
153723304
154618248
155314241
155419920
155984118
155989608
156002449
156003501
156016136
156075294
156084454
156887426
156937671
156987351
157213708
157230659
157266693
158160754
158236757
158381418
158399506
158401602
158440302
158441915
158442384
158507167
158507202
158507355
158588995
158623531
158697949
158978373
159199075
159262969
159318774
159536608
159616938
159657962
159715068
159734992
159750552
159822237
159859457
159923769
159951311
159988460
159989004
160004025
160037058
160074939
160086763
160148385
160180298
160191676
160196838
160214707
160287939
160288160
160347548
160400759
160442729
160476088
160479394
160486013
160522555
160540218
160540255
160546107
160547233
160578764
160635896
160694854
160708862
160889020
160973531
161032923
161156119
161193924
161223358
161223691
161267694
161299119
161378663
161477033
161479081
161568891
161593508
161614046
161738745
162620529
162695785
162729620
162802770
162922904
163030461
163260812
163262555
164249928
164767175
165161774
165201455
165202476
165317334
165456443
165665477
165667705
165725926
165827520
165837238
165875739
165889295
165898470
166084804
166143022
166145361
166184428
166185060
166220082
166225154
166242494
166285185
166302995
166311160
166396033
166419963
166495921
166524868
166527623
166551340
166671025
166739520
166836920
166840700
166851829
166969320
166971611
167009099
167009292
167084298
167085203
167090809
167121271
167121846
167125688
167125872
167163906
167164631
167207111
167207809
167246083
167249549
167250389
167303382
167308252
167339031
167342439
167343398
167343434
167363487
167415965
167416321
167417444
167418903
167419950
167422188
167448334
167460093
167523971
167524275
167524393
167524563
167525039
167540315
167546054
167549520
167549641
167553048
167554206
167554509
167570131
167571698
167573692
167574282
167597352
167600516
167602738
167651110
167653886
167654347
167656187
167656372
167661160
167662034
167692911
167714124
167714792
167719618
167719897
167720698
167720788
167721733
167722431
167751394
167753031
167753571
167792792
167793961
167810079
167811273
167811392
167812155
167812449
167893026
167896330
167905035
167977484
168158622
168275412
168281028
168384845
168405330
168936945
169191182
169421022
169448297
169448771
169765334
169955734
169958952
170150046
170466784
170729775
170789802
170849515
170882685
171886633
172278692
173814550
173979859
174070181
174291112
175373890
175456679
175477257
175482273
175532955
176314383
176442805
176463726
176772671
176780257
176796997
176797879
176831034
176873028
176874585
176876294
176932581
176936051
176936506
176956893
176957796
176959360
176959991
176980881
176981041
177022232
177023568
177034670
177034802
177039567
177077336
177077475
177079117
177079323
177112531
177113581
177115354
177115773
177160057
177162886
177166877
177172557
177179614
177238006
177238322
177239203
177239551
177242528
177254988
177256283
177257073
177258667
177258735
177284346
177285916
177308364
177354200
177354422
177385907
177389419
178155732
178170828
178657161
178709444
178819686
178859380
178879588
178959058
179028588
179040880
179097087
179115277
179126254
179230828
179304694
179308949
179313200
179317684
179319057
179319652
179322892
179371283
179379962
179410546
179442778
179444884
179580045
179582003
179715231
179739873
179873497
179985715
179987678
180145982
180285396
180412528
180413022
180416826
180723629
180795686
180991313
181233908
181341926
181345288
181577608
181793092
181804752
181821138
182012183
182078124
182078202
182078288
182235802
182450724
182517224
182650515
182894670
183116749
183120439
183532609
183537452
183675732
183802335
183981567
183981740
183985250
184240683
185827241
187726683
188128470
188570092
188720655
188865842
188995715
189013224
189097100
189241038
189300053
189625051
189929379
190026633
190271688
190529058
191312974
191327580
192094773
192259856
192790476
192943720
192976435
192988021
193023697
193140359
193220940
193413306
193641523
195256633
197643940
197643976
197682658
197758148
197807778
197808753
197956312
197960114
198008005
198037821
198051466
198076537
198076743
198077394
198078384
200090347
200247352
200320748
200321577
200322593
200435203
200699744
200723869
200743403
200803270
200805484
200807066
201175570
201175687
201177276
201248411
201252832
201254754
201427046
201508515
201562811
201562850
201598744
201601348
201604954
201641317
201642601
201658484
201660996
201687472
201689602
201724575
201747686
201753758
201793781
201899356
204496071
204613238
204650483
204671232
204698337
206352378
206361691
206462567
206474443
206480502
206482593
206497887
206504434
206504455
206541859
206669860
207075739
207077681
207110080
207141131
207237016
207238953
207573269
207937389
207981861
208091447
208151094
208295586
208297760
208330336
208424921
208710680
208719443
208770975
208772468
209003016
209054294
209310912
209407002
209408136
209459275
209464063
209707800
209708399
209923610
210157255
210441429
210548440
210629725
210681065
210944510
211352962
211380874
211408248
211409161
211409752
211409944
211418621
211446495
211530711
211578180
211687791
212169285
212253390
212272377
212373097
212415509
212459069
212519764
212711371
212844967
213111428
213156716
213230168
213236738
213242228
213344368
213436349
213441778
213514265
213691570
213941899
213951167
213978083
213988070
214141558
214179419
214218272
214250143
214250194
214300025
214315111
214330573
214361331
214416183
214426920
214515903
214515989
214533332
214728964
214913775
215319726
215860874
216122841
216136608
216149295
216165538
216795080
216925130
216930709
216996930
217010441
217358688
217529901
217838717
217954345
218282034
218875002
218926462
218966627
218972787
219021623
219139297
219159215
219160030
219175972
219177716
219181903
219187649
219189765
219195044
219225319
219229644
219253008
219279994
219280379
219285104
219306934
219321900
219335994
219338557
219344917
219345200
219380235
219401954
219410600
219698950
219701535
219769290
219902969
219928884
219943538
219954315
219969682
219977016
219977027
219978369
219990365
220068921
220076110
220342999
220347617
220367118
220371571
220391499
220396259
220399209
220402076
220414174
220414682
220417314
220418990
220420532
220420534
220421643
220430912
220459826
220459976
220460087
220474209
220475245
220479047
220479565
220547837
220568686
220595565
221108005
221566773
221656234
221785300
221810430
221840196
221861843
221882319
221943346
222403569
223784978
224225541
224245334
224271611
224279091
228381868
228507250
228969249
229034610
229047362
229070118
229073422
229111835
229112341
229138584
229157734
229465678
229809085
230152753
230152900
230258296
230949815
230966413
230966538
230967251
230968422
230980206
230982415
230982885
231013060
231013653
231024251
231063955
231071138
231074486
231076038
231077009
231077395
231077461
231088741
231091565
231093936
231250984
231255809
231283677
231289421
231289833
231297123
231351672
231355743
231461934
231630147
231663901
231670397
231702397
231717326
231721006
231728511
231736113
231744905
231792014
231801885
231832850
231833236
231902216
231912935
231937059
231937828
232025086
232038798
232049513
232052748
232312137
232859720
233100410
233105417
233320107
233553547
233554200
233558430
233964642
233964924
234279605
234280151
234330672
234345288
234427100
234489976
234516483
234517168
234519192
234523599
234539513
234539661
234540647
234636301
234648124
234870606
234992286
234994474
235000637
235015217
235077268
235078021
235082229
235533032
235631724
236290312
236298938
236833009
237313342
237320326
237321052
237332812
237336121
237358490
237362186
237406657
237909527
237913194
237914496
237914675
237920046
237922465
237924601
237927802
237928815
237929468
237930306
237940785
237944314
237950845
238004786
238019745
238058759
238059180
238121919
238169454
238171173
238176110
238181017
238181450
238184075
238185666
238187753
238188289
238189546
238191112
238191188
238193965
238196354
238197638
238198708
238226142
238227405
238228073
238228752
238229126
238829802
238852296
238854767
238854786
238870942
238871375
238876870
238878215
238878444
238898571
238914510
238920875
238932509
241297273
241326434
241442273
241469191
241514551
241525834
241592217
241638905
241840688
242083025
242095191
242107805
242120884
242190195
242312946
242316748
242322872
242389810
242483157
242504767
242504799
242532142
243200602
243232071
243266571
243476396
243550555
243551138
243641947
243659985
244901546
244945488
244947717
244955654
244956385
245027119
245099574
245341495
245728942
245793479
245947683
245991155
246002232
246303586
246593384
246703468
246726023
246745789
246771446
246806699
246808583
247036903
247180220
247221869
247458753
247518629
247860584
247862866
247926108
248075138
248092710
248111245
248387177
248655556
248685847
248689510
248690688
249031514
250125954
250306572
250340193
251852984
251883808
253126207
253168485
253210325
253453893
253518845
253545732
253616822
253728991
253788533
253857911
253864764
253961767
253969601
253979617
253990628
253990973
253991565
254009121
254021759
254033658
254038436
254039358
254045302
254068803
254090404
254090605
254108601
254113311
254113345
254114662
254141733
254142310
254142627
254147986
254174907
254185989
254209017
254220375
254225554
254231029
254235775
254241787
254296853
254301731
254321766
254434508
254667882
254909777
255319384
255350388
255560319
255588086
255636057
255685030
255688269
255704097
255756918
255762764
255766847
255768108
255851356
255909950
255916846
256053459
256124756
256158543
256210025
256216136
257286393
257520272
257571872
257642093
257720492
257900866
258189888
258409964
258917846
259230140
259377017
259606227
259863095
259863352
259884973
259885180
259885343
259885547
259901731
259930877
259962054
259963279
260004324
260128333
260129352
260130483
260132327
260189643
260239639
260244386
260266504
260297394
260299064
260302293
260302494
260304296
260304800
260305798
260351184
260367888
260373272
260415628
260417932
260471026
260472863
260475087
260502638
260504114
260504192
260537454
260539542
260541432
260541625
260605506
260640043
260647166
260708537
260710460
260776145
260797169
260891849
260949346
260964231
260971390
260983680
260984450
260985861
260985864
260995038
261020738
261055226
261059696
261062599
261091160
261091351
261091566
261105201
261106000
261108236
261136000
261136679
261137407
261138857
261139563
261178410
261192051
261202953
261204111
261204214
261205462
261235120
261256268
261257684
261259291
261260655
261261490
261262721
261264347
261264800
261264826
261282530
261284713
261332760
261336397
261337205
261366297
261397095
261399435
261400337
261420459
261422404
261522877
261541499
261542702
261560630
261562118
261644653
261645560
261646133
261656371
261678628
261679541
261680542
261681115
261683332
261725322
261726936
261746757
261748514
261754181
261867566
261959732
262258341
262435954
262457587
262470965
262471759
262499200
262499670
262499704
262499797
262530407
262531275
262573629
262573802
262575534
262613883
262614074
262614386
262615168
262704593
262789653
262815086
262829328
262837838
262837943
262843259
262873725
262927518
262928973
262958558
263003176
263004117
263012764
263053721
263075460
263078264
263078716
263079617
263080177
263203229
263207857
263486257
263521874
263758683
264767366
265125520
265125525
265143873
265335460
265612438
265633507
266091141
266314554
266509815
266643545
266749369
266769513
266843799
266906722
266924406
266924492
266927506
266927521
266980320
267093915
267094384
267116566
267117671
267166845
267177329
267194398
267197567
267205235
267230418
267239205
267263253
267326213
267361631
267414551
267490092
267549078
267712001
268472260
268478390
268664907
268666367
268668352
268717240
268766053
268784292
268799077
268809852
268815631
269217040
269304135
269305967
269371538
269372232
269378599
269450900
269558487
269728501
269728625
269728852
269731335
269741851
269763946
269795481
269796936
269849065
269850928
269852699
269854864
269855929
269857393
269857938
269858347
270202713
270204401
270219048
270244821
270246933
270272800
270274432
270275278
270275812
270285317
270311690
270312035
270341214
270341547
270341572
270342589
270343991
270347816
270357365
270366936
270395019
270428491
270429419
270429511
270456887
270457662
270471065
270471483
270472265
270472456
270473110
270474042
270503804
270506952
270507297
270507871
270508998
270558820
270677031
270996453
271168962
271175883
271230204
271295765
271478281
271503982
271519048
271554988
271575127
271575742
271577058
271578321
271581073
271596225
271627611
271639066
271696650
271697430
271723402
271725220
271806353
271808029
271812166
271891552
271893367
271900578
271903247
271905978
271971130
271975434
271977186
271999492
272000628
272002418
272004643
272086869
272087003
272090485
272129326
272167060
272190447
272194833
272211398
272212970
272213425
272236017
272251987
272284162
272318855
272359231
272362769
272427880
272432703
272433841
272466346
272468262
272469934
272472375
272546171
272645619
272885406
272983172
273031342
273032320
273308789
273323926
273325131
273325223
273397401
273418421
273419168
273651959
273652436
273654759
273654924
273695332
273697554
273789462
273850708
273985865
273996323
274017513
274017873
274151135
274367763
275556983
276098589
276128561
276130586
276226024
276262748
276508360
276538275
276644609
276645751
276646696
276647111
276647494
276647725
276735057
276735500
276738707
276783657
276798143
276837091
276843427
276934891
276936320
276963913
276965475
276965481
276977291
277022838
277026183
277027632
277034534
277039287
277042558
277069819
277069829
277099881
277099925
277105050
277123828
277128619
277129194
277129437
277130211
277147552
277172728
277173010
277269411
277298466
277298580
277300196
277373239
277373256
277478589
277490026
277590781
277802792
277873743
277890574
277939725
278008056
278020244
278022133
278051048
278077744
278082726
278138367
278138619
278139052
278140156
278196907
278198753
278201047
278225267
278232451
278270755
278271171
278293793
278327110
278328128
278385856
278413297
278413346
278413891
278415116
278415514
278415929
278475891
278478563
278479405
278525028
278540265
278542841
278544653
278589939
278590920
278592221
278593268
278662500
278662696
278666476
278683844
278683879
278726670
278726770
278730951
278730956
278775625
278776948
278778981
278779001
278803589
278821532
278821913
278826448
278862750
278864838
278866211
278866220
278895603
278895606
278895705
278900608
278957993
278958597
278987187
278987334
278988097
278990501
278990892
278991260
278992816
279053000
279054419
279093144
279156705
279159752
279160488
279160721
279161482
279161495
279249643
279250880
279319554
279321185
279322913
279323859
279408526
279425357
279426647
279431010
279476069
279476460
279510159
279510954
279512738
279514271
279569545
279572330
279574121
279614005
279615956
279684876
279741379
279950870
279953380
279955276
279957439
280051331
280051341
280052157
280052618
280053651
280095254
280096473
280097543
280097876
280477536
280647591
280723416
280726137
280803800
280803917
280830862
280830936
280831199
280857321
280865159
280867169
280911550
280914121
280914341
281286325
281459670
281494100
281494116
281541555
281563494
281575427
281575623
281576610
281578346
281578821
281581295
281582674
281596890
281597400
281633017
281636306
281636617
281666033
281704750
281781375
281880293
282221346
282485660
282701278
282830040
283512651
283528175
283665218
283952659
284194555
284194837
284196025
284196491
284859630
285474313
286099128
286132427
286763141
286864983
286865921
287156968
287273334
287275350
287299304
287325639
287326127
287328202
287328601
287349866
287350071
287350789
287428833
287432202
287490372
287494667
287528930
287530417
287531561
287531693
287532056
287535120
287535870
287539135
287563610
287584141
287588629
287589266
287589476
287589962
287635690
287636748
287637467
287638537
287716489
287721202
287722957
287787618
287871125
288023686
288224503
288598068
289076007
289299411
289389326
289445553
289740847
289793076
289844053
290049665
290076191
290076633
290076659
290131778
290146287
290263093
290302491
290337456
290348383
290356815
290371999
290379875
290388627
290401951
290403522
290404896
290406699
290504044
290552141
290552720
290556268
290644871
290646655
290653746
290665111
290714829
290777444
290852515
291374385
291374558
291374857
291517604
291659438
291668351
291743341
291857895
292122717
292125267
292125277
292127048
292127642
292127687
292214881
292215414
292216354
292221593
292349703
292414155
292438489
292477426
292620754
292621123
292631794
292776690
292883193
293075732
293085735
293112808
293165927
293221057
293221526
293221812
293270278
293273274
293328247
293331179
293333013
293333759
293346794
293348391
293391702
293432942
293435336
293436546
293437322
293438263
293439094
293457754
293463610
293464845
293480909
293491569
293492383
293507903
293514367
293525651
293571145
293580950
293583535
293607057
293612446
293659829
293664120
293708935
293724685
293795606
293797383
293895431
293935281
293936892
293962038
293965384
293969808
293972623
293975350
293975385
294054226
294054484
294059372
294059397
294090620
294092484
294097225
294097950
294148079
294157994
294161486
294200378
294200509
294205251
294206168
294274829
294295243
294299078
294324819
294325257
294327312
294328121
294365631
294395926
294396667
294437492
294535052
294611659
294665880
294680768
294682347
294682685
294691204
294706486
294751033
294765664
294768072
294771559
294780517
294781547
294871044
294871617
294873236
294885647
294890615
294923253
294926952
294929542
294929660
294981566
294982289
295056494
295123766
295125030
295125033
295167241
295169431
295170362
295174363
295178065
295197081
295233473
295312916
295313132
295376317
295507430
295541511
295593712
295597936
295647440
295647445
295858190
295863057
296042938
296113066
296264751
296670796
296737508
296739893
296790596
296850254
297361900
297457992
297662647
297668572
297950791
298372701
298946836
298961315
298981199
299305353
299616106
299676849
299778431
299778628
299779868
299780329
299780492
299798694
299798795
299799658
299876474
299897516
299901252
299932818
299936689
299940665
299940906
299945285
300016698
300019675
300019694
300022686
300033719
300034498
300038935
300078424
300082027
300086670
300086757
300088692
300137626
300140870
300141054
300153630
300154014
300163920
300169440
300204369
300217480
300234002
300241204
300243083
300272165
300283476
300290092
300291165
300291296
300291839
300324532
300328617
300329841
300329882
300357385
300378163
300379485
300380793
300405121
300446210
300448520
300509670
300512272
300512509
300556363
300556816
300557360
300559128
300561691
300579472
300604770
300654002
300664543
300706758
300707975
300710077
300734047
300734224
300740521
300744970
300745616
300745654
300745939
300808301
300808529
300808633
300809629
300812741
300864409
300869159
300871126
300871153
300871545
300933636
300938300
300969635
301247383
301248781
301250702
301453724
301455423
301455720
301610395
301683643
301685023
301685536
301688245
301750630
301793286
301846712
301893786
301896030
301897558
301900477
301956342
302003748
302054555
302056527
302107639
302212110
302419660
302453291
302759417
302766000
302895184
302924206
302965287
302966331
302966912
302967884
302968162
302976834
302987386
302987393
302987734
302988499
302989866
303123055
303264387
303317324
303327435
303385111
303426966
303513094
303533913
303537034
303586471
303614800
303617735
303652844
303701177
303704945
303739560
303785997
303789830
303814029
303841100
303842892
303845494
303883791
303894818
303909865
303910111
303910522
303912695
303937677
303952517
303976339
303994011
304002474
304003937
304036054
304038623
304056132
304071817
304093536
304100538
304102150
304131768
304142124
304207916
304274584
304278371
304279039
304294908
304339227
304340612
304343052
304363215
304408387
304425968
304426002
304427679
304430662
304474212
304479973
304548927
304593803
304594537
304622998
304624330
304690618
304695574
304707674
304727279
304729610
304729846
304793244
304799965
304809203
304817832
304862653
304864057
304893516
304894205
304944852
304950588
304952247
305048087
305048116
305346623
305375273
305424003
305492348
305592810
305667404
305671743
305675526
305730050
305731269
305739565
305744241
305761174
305765400
305767364
305810217
305839017
305894034
305932274
305942749
305950212
306047999
306103027
306103891
306105850
306108732
306108833
306132641
306248357
306249066
306255021
306268580
306295996
306296537
306337838
306351964
306357593
306357884
306357959
306362738
306363166
306385060
306385684
306385801
306388620
306420990
306472057
306508587
306510653
306511505
306512967
306523362
306524493
306526708
306528129
306547699
306576060
306580216
306631660
306635088
306637832
306643277
306648160
306682609
306724702
306727717
306735270
306736802
306737455
306737701
306740396
306742097
306771735
306772814
306776462
306778213
306779192
306798564
306822272
306822532
306823450
306823776
306846813
306890368
306890690
306894248
306894886
306895522
306896053
306897664
306919011
306928528
306933539
306971798
306979614
306981323
306987941
306990399
306996324
307035011
307035477
307036514
307037463
307079330
307082925
307083540
307099276
307153959
307154237
307158273
307210830
307221757
307232923
307235090
307291050
307312383
307314350
307320565
307326727
307366709
307423445
307532400
307693244
307710819
307716123
307849973
307888842
307895081
307990280
308010949
308085294
308098254
308191940
308202863
308307606
308396509
308547289
308600649
308612785
308632856
308987429
308989653
308994098
309077217
309254930
309257814
309292963
309402106
309475657
309519347
309528303
309618198
309657054
309700317
309735209
309760042
309791156
309792357
309803852
309913305
309959700
309959785
309988394
309997475
310009611
310100219
310102811
310105752
310106879
310107081
310116433
310266243
310276851
310294189
310412436
310419795
310497279
310509626
310513097
310658236
310713487
310797997
310801704
310822679
310854881
310855797
310855822
310857786
310861395
310959570
310959665
310962929
311086350
311103813
311106940
311169550
311173330
311179742
311239796
311251028
311288632
311292015
311392306
311413113
311415878
311417534
311565540
311584573
311699501
311699919
311700019
311736478
311840827
311856080
311859088
311859485
311861272
311890977
311892170
311957752
311958594
311963578
312028518
312030014
312106044
312207694
312423966
312447774
312508092
312576659
312594037
312594950
312612366
312909996
312934382
313051040
313079610
313265560
313440720
313554509
313656309
313669529
313671132
313672833
313675203
313675938
313684214
313684759
313781271
313831007
313831611
313889049
313891529
314013231
314137082
314626096
314724818
314801552
314864587
314865101
314865962
314887863
314889206
314901104
314905762
315002523
315096343
315117300
315120585
315170575
315175893
315303840
315350812
315352159
315446387
315452623
315489661
315659528
315835598
315841434
316005417
316154984
316155106
316236118
316284824
316284935
316372693
316373825
316504931
316651612
316652224
316769613
316875094
316880689
316992415
316992468
316992611
317018306
317019074
317041781
317060587
317089588
317089770
317134140
317153848
317183776
317189702
317299100
317326533
317327425
317328621
317362389
317387938
317396893
317417916
317483660
317546777
317548889
317639292
317670803
317671564
317787979
318019844
318098291
318108981
318123187
318180448
318180703
318181542
318237028
318314617
318379066
318515371
318515628
318518150
318566466
318608749
318612327
318612970
318649597
318668441
318827246
318828309
318911305
318987148
319127604
319127832
319219289
319257886
319290269
319473643
319490147
319492973
319568619
319568755
319741451
319768060
319806044
319817534
319865847
319936621
319949055
319990058
320004517
320079492
320092265
320092970
320093611
320203415
320204173
320242828
320264024
320287382
320327056
320327921
320355456
320434208
320530807
320547523
320591129
320659697
320686401
320714733
320842315
320845606
320847025
320867471
320913313
320994166
321011127
321068176
321087351
321172577
321311495
321337113
321457737
321458091
321514164
321802774
321982642
322063810
322087754
322098744
322102151
322117652
322244880
322270255
322270620
322284262
322284851
322307342
322694563
322764257
322807675
322841924
322901324
322951856
322985477
323002911
323003302
323003547
323006000
323007878
323061945
323067443
323132914
323160875
323295479
323295908
323325037
323340652
323443194
323443291
323605447
323608162
323685904
323793844
323966987
323993971
324072953
324098751
324127381
324208224
324208723
324422520
324426685
324428494
324609476
324618072
324618077
324654261
324656952
324732058
324846771
324854770
324895501
324926968
324929282
324983718
324993853
324993868
325004721
325100010
325157946
325166547
325247726
325275736
325339373
325412896
325417435
325417448
325468468
325489127
325490655
325524429
325527653
325564366
325565137
325603650
325647810
325682877
325925045
325980157
326164886
326170150
326287972
326316945
326327260
326390162
326391328
326442634
326444607
326453034
326470400
326522874
326595551
326615400
326616299
326662822
326705079
326751253
327018225
327301957
327318744
327497956
327593333
327593978
327594002
327595236
327595848
327650008
327664526
327664529
327670047
327671014
327671241
327671979
327724956
327725463
327785134
327913737
327915121
327917279
328012209
328209247
328243487
328248688
328386351
328477136
328483577
328984640
329119931
329119936
329158471
329354989
329544652
329609449
329656666
329672278
329684465
329691586
329694340
329921262
329981856
330014070
330113590
330223440
330284479
330424797
330885564
331105618
331181140
331297805
331636065
331657635
331674456
331674928
331676604
331743327
331744920
331835944
331844164
331846118
331967245
332017079
332289794
332396643
332564140
332630868
332653823
332657786
332705008
332710679
332715376
332759920
332860211
332880327
332887363
333183861
333382080
333511802
333554635
333736132
333745188
333835888
333845542
334080358
334125713
334136303
334234984
334238369
334305570
334417846
334632624
334638020
334841845
334846268
334911765
334917813
335193580
335194472
335444781
335444785
335448400
335448537
335514415
335530405
335530652
335724012
335860261
335975720
336179403
336357422
336366871
336613507
336947874
336952304
337062505
337166822
337194627
337195353
337200525
337200587
337200647
337274055
337369928
337437566
337499842
337508645
337801963
337806832
338387134
338388997
338736733
338885522
338895052
338982489
339027200
339209865
339258071
339379874
339397374
339397397
339399882
339402691
339451356
339522221
339546346
339600659
339664224
339666347
339667988
339668717
339672028
339672106
339728927
339730012
339733013
339752271
339768429
339769468
339769615
339856109
339860832
339861444
339861480
339888469
339892193
339916453
339956425
339957347
339959285
339960040
339960404
339961200
340000943
340003367
340005809
340006554
340008722
340009698
340020534
340058233
340058744
340060117
340063462
340064337
340064696
340100436
340137125
340144218
340152577
340155472
340174869
340176597
340178535
340178931
340179367
340179851
340205734
340206201
340214760
340216137
340216382
340217291
340228388
340255216
340255351
340255571
340255841
340312534
340314976
340355626
340358394
340359472
340458630
340458804
340458923
340460526
340460998
340461276
340557839
340559155
340624586
340700241
340724398
340930327
341001796
341115133
341115806
341118777
341309569
341394535
341405597
341423450
341589739
341701383
341805908
341865564
341972039
342083044
342087037
342375120
342474010
342723312
342823104
343142458
343145087
343235156
343245403
343280050
343292307
343340516
343340931
343406546
343448359
343450911
343452418
343484756
343487338
343490143
343518108
343573862
343576379
343597113
343648136
343717397
343718662
343757299
343760488
343763382
343832647
343834897
343884825
343889045
343951927
343952976
343995894
344031627
344034178
344042366
344075391
344075962
344128598
344130921
344552721
344553817
344555655
344586348
344978642
344978736
344987663
345055261
345056639
345080586
345086659
346630823
346797035
347357977
347442932
348040545
348341378
348684813
348684814
348717439
348755723
348755728
348756659
348760490
348760508
348761045
348762572
348770361
348770938
348771843
348771913
348835438
348839628
348840079
348842421
348843066
348895694
348956767
348960463
348980059
348994632
348997611
349055442
349056338
349056341
349057389
349060005
349061751
349061910
349092528
349092944
349095149
349095298
349095939
349155856
349195106
349196184
349196480
349241221
349246232
349269343
349269701
349272477
349275640
349304971
349306314
349369227
349370777
349371595
349406883
349408597
349410350
349411828
349412583
349429641
349431914
349478085
349478794
349481595
349483608
349503728
349519737
349522594
349522781
349523014
349571436
349572054
349575695
349576261
349641411
349643889
349644367
349644990
349645139
349648510
349679366
349680895
349681583
349788281
349789882
349829627
349832824
349891396
349902991
349903574
349966879
349972412
350027253
350027507
350027631
350028973
350030522
350030939
350036577
350091954
350095533
350137597
350137939
350142567
350146388
350146577
350152705
350153977
350181462
350183074
350299588
350346406
350432064
350432166
350445762
350445770
350445771
350478847
350519062
350575997
350584963
350618622
350821320
350824498
350861689
350930672
350931281
351134719
351248706
351336681
351346904
351350005
351397454
351452056
351555580
351601843
351602312
351603103
351603861
352140271
352184899
352229268
352315516
352353080
352400180
352400977
352403588
352438619
354517490
354846183
354944123
354944794
354973022
355096431
355138852
355362590
355446093
355494582
355510841
355580207
355703913
358070912
358071481
358105763
358106032
358107516
358108063
358108126
358154075
358154181
358182750
358248442
358253047
358336743
358460246
358463513
358501433
358501450
358501560
358501781
358511856
358557578
358579111
358838026
359403471
359426909
359523751
359579195
359991399
360148723
360156606
360176355
360221713
360224870
360473750
360475034
360607974
360630575
360740653
360742636
360742953
360800754
360804851
360816296
360822008
360875769
360876221
360943695
360960073
361034196
361038972
361047410
361176558
361403927
361467239
361710792
361711730
362026280
362032529
362086333
362111691
362370757
362709886
363083571
363372219
363403561
363485420
363485837
363643185
363661031
363713678
363749415
363851359
363914762
363985977
364072092
364112579
364115836
364152478
364153424
364200513
364267778
364268665
364302118
364325639
364326977
364327518
364392241
364393429
364395234
364398428
364423314
364427226
364431259
364522710
364843934
364944633
365084581
365321314
365470909
365509373
365556973
365605070
365690646
365717150
365725094
365725831
365952328
365998896
366005019
366248595
366314794
366315051
366316586
366986734
366988508
366989877
367022524
367476633
367900542
368713985
368934540
369327273
369327648
369327947
369336146
369345064
369364720
369368656
369374037
369419476
369455629
369578251
369639876
369767412
369768787
369770419
369787651
369816679
369861728
369867255
369874616
369958563
369960846
369964729
369965258
370009806
370015361
370041763
370100292
370101492
370103882
370108711
370111806
370118363
370133522
370136983
370136985
370138719
370138999
370145370
370234343
370234970
370237428
370249829
370296756
370327081
370385007
371837437
371839073
371839648
371995402
372068780
372124621
372127422
372168853
372172128
372218274
372222115
372222189
372223132
372238299
372240730
372242073
372242550
372300924
372360503
372362263
372443687
372817671
372818426
372850357
372852036
372913233
372913439
373015604
373523051
373598109
373767598
373840212
373843699
373843852
373843857
373849740
373917626
373917747
373917830
373917850
373919592
374095457
374158843
374342788
374348168
374355219
374410507
374829238
374908396
374996198
374997123
375035936
375036584
375057954
375058760
375059587
375063426
375090559
375297961
376209245
376385505
376385526
376483392
376778166
376931804
376936329
376936788
376937138
376987597
376987652
377017801
377017868
377018326
378682742
378839764
379010415
379191982
379192021
379222611
379239816
379240073
379286801
379338672
379356723
379464439
379465415
379578628
379650425
379672280
379717270
379806358
380344351
380389821
380391418
380397303
380437503
380457228
380468471
380478404
380529617
380570695
380580939
380589029
380590730
380643463
380661288
380751868
380775113
380775661
380778770
380780316
380782608
380783252
380835975
380836882
380840588
380852016
380861528
380868607
380870688
380886535
380916235
380916694
380919259
381049529
381233620
381448973
381468938
381492296
381639335
381711001
381789320
381856447
381911989
381926513
381926647
381929683
381951850
381976956
381977351
381982417
381996371
382016348
382032472
382045742
382068562
382069435
382145868
382187347
382190002
382192850
382199441
382200608
382200986
382232653
382254048
382259605
382288998
382291887
382302241
382304847
382308684
382312510
382324187
382366334
382366619
382381510
382400632
382419744
382430319
382437043
382438480
382446393
382463648
382515658
382517909
382521776
382527485
382581230
382602147
382626661
382744087
382975217
382980571
382986366
383109671
383236314
383313006
383390264
383410746
383853932
383855194
383858633
384016413
384021193
384065528
384067507
384068226
384070692
384148180
384157295
384159646
384194603
384195529
384244834
384272088
384295825
384299730
384336963
384342492
384344310
384364892
384386061
384386062
384388577
384389484
384464347
384468809
384509997
384511855
384513078
384587672
384604111
384604658
384608233
384609312
384627699
384664177
384709136
384709501
384712688
384740194
384742861
384744604
384744828
384749330
384818612
384818632
384823413
384824975
384828035
384843538
384843864
385157401
386259537
386435344
386456916
387061852
387191191
387193925
387220878
387245246
387294150
387295547
387784316
387791274
388104525
388106759
388118362
388129878
388130237
388180830
388198242
388202128
388202793
388205924
388243913
388280249
388474524
388816604
388934707
389011957
389013422
389015383
389040826
389087342
389087809
389129821
389132822
389321361
389352124
389363745
389364202
389421473
389433645
389440520
389553886
389563717
389569279
389661615
389671302
389748401
389749328
389887311
389924075
389999924
390093738
390100628
390151888
390159231
390219055
390262679
390283858
390284116
390295047
390454243
390471207
390535577
390537352
390539148
390557756
390672227
390673262
390673404
390673669
390723664
390725265
390945388
390996644
391044439
391238898
391241402
391645374
391745591
391810761
391812839
391894198
391900348
391900953
391901892
391903064
391904697
391923274
391941900
391949122
391949221
391949880
392011771
392012013
392013177
392024792
392112968
392284933
392340763
392343741
392556588
392562977
392632795
392912142
392914193
392995938
393355514
393414358
393750338
393879117
393940766
394044886
394137592
394232334
394233060
394233079
394242027
394285864
394287035
394288878
394288889
394339655
394343336
394346647
394346745
394355593
394357918
394359135
394443982
394570569
394655093
394655310
394657039
394657233
394657303
394672497
394679923
394698182
394721720
394722182
394722676
394723603
394723825
394755866
394779674
394900138
395326816
395425058
395429720
395491072
395514100
395926728
396124070
396170777
396215041
396246765
396316939
396368313
396649769
396723346
396744124
396794358
396907792
396957421
396957480
396960552
397036665
397106731
397106960
397155877
397221036
397225622
397231286
397231606
397362481
397423462
397888247
397891491
398404609
398466662
398473912
398548197
398736713
398828356
398841826
398943781
398945279
399571743
399618982
399665409
399757537
399868187
399870368
399871011
400265077
400734328
401028336
401060152
401283491
401507450
401509690
401572711
401604346
401606923
401704685
401775244
401952328
401980624
402026209
402027382
402096687
402103510
402104788
402219289
402319411
402391147
402586141
402945769
402965460
403135192
403136415
403207877
403224672
403317706
403368444
403405969
403507814
403765053
403911354
403997719
404057144
404089623
404089811
404089822
404123632
404124416
404161337
404224560
404227343
404239463
404265608
404289153
404340025
404518509
404707758
404768904
404774891
404774919
404797784
404799340
404842248
404850012
404850274
404851552
404851658
404851966
404853708
404873085
404931649
404934011
404975583
405075695
405242681
405425498
405428615
405428714
405454160
405485201
405488488
405571798
405700729
406091286
406092887
406098924
406106335
406117967
406236094
406241337
406318573
406322391
406726743
406777175
406807194
406861632
406861922
406863699
406872253
406941612
406976746
407013478
407041492
407043005
407063129
407066449
407089973
407126408
407127579
407146536
407146538
407146714
407146722
407146723
407147727
407166076
407218394
407222000
407580995
407581166
407585173
407615704
407615977
407621506
407621964
407661994
407772585
407824089
407824105
407827885
407837241
407876993
407878643
407922730
407922734
408016570
408114363
408137826
408231638
408310006
408416746
408609355
409306006
409642024
409647205
409763681
409764819
409794137
409804755
409847512
409851100
409883195
409896170
409934687
409935170
410002663
410057499
410087746
410118164
410118189
410118760
410119093
410119941
410150109
410153553
410159011
410214778
410214986
410228822
410303247
410308760
410309657
410310956
410314178
410339458
410346480
410354809
410358456
410368854
410372968
410373785
410389255
410393612
410405352
410450228
410464110
410554986
410712205
411262001
411463659
411595102
411731278
411796826
411839167
411868625
411868946
411917726
411924206
411924652
411943564
411955845
411956010
412013522
412054152
412330557
412371819
412377174
412377282
412471212
412485680
412542159
412612669
412635642
412660244
412721957
412806642
412828754
412952660
413084104
413216924
413248763
413343957
413372087
413376180
413525091
414178073
414258267
414380191
414480242
414712404
414929408
415097486
415191100
415947396
415969908
417359444
417362390
418471116
418471796
418567812
418619018
418808871
419175047
419503191
419540913
419587655
419611359
419635397
419648095
419649167
419736622
419738713
419744996
419957314
419957393
420201615
420202798
420369105
420394350
420458974
420529106
420829332
420962989
421056636
421256085
421262493
421292965
421562553
421562694
421800851
421893327
421894914
421920965
421937779
421943743
421948497
421984117
421990278
422040614
422041226
422653398
422655579
423138831
423160564
423183487
423228465
423237407
423237945
423238309
423266608
423275733
423278503
423360793
423393242
423445163
423672208
423768826
424196109
424340168
424762064
424797128
424798906
424849871
424876542
424877706
424877713
424881325
424881840
424945309
424984597
424986552
424986665
424986927
425064757
425083216
425084025
425084473
425086349
425316308
425505320
425505324
425508314
425511696
425538187
425561347
425609239
425666866
425668314
425717329
425721385
425802800
425817867
425826973
425934411
425997655
426015440
426032475
426134162
426264684
426481193
426548419
426901646
426904354
427352241
427406031
428673146
428685938
429295277
429304876
429358906
429446407
429458843
429791387
430824936
431380283
431479727
431481376
431589203
431589453
431591320
431693152
432132155
432365612
432467894
433011610
433546798
433546897
433554644
433852422
434100688
434105094
434110695
434260570
434428836
434477274
434572424
435602412
435684144
435934762
436102447
436599296
436602339
436617542
436637677
436652523
437203024
437242640
437248515
437253811
437261733
437827403
438135575
438248320
438564421
438629686
438777551
438799405
438976273
439381274
439444938
439456714
439973468
440607377
440615611
440710516
440715437
440717050
441076258
441135051
441158994
441159680
441195007
441199678
441221559
441259631
441453629
441462736
441485133
441546821
441773651
441875362
441979693
442072081
442382301
442502815
442590282
442727960
442867787
442942829
443019297
443102233
443199889
443529773
443561611
443572900
443666343
445648583
445903569
446135868
446331750
446348045
446370039
446463666
446463870
446523110
446524637
446546719
446546788
446549906
446684383
446754770
446916793
446918603
447054140
447061717
447088034
447137284
447188979
447192619
447206604
447585233
447593267
447891218
447976172
448098793
448132309
448140384
448358913
448419342
448435566
448447142
448589187
448616261
448650100
448688668
448719936
448744179
448775221
448816348
448820344
448853649
448923766
449107129
449119021
449197831
449257028
449356205
449379391
449464238
449470573
449549170
449569805
449631685
449637973
449951606
449951748
450200861
450276395
450277258
450285739
450368173
450395029
450457660
450559047
450619932
450631859
450649506
450679858
450731673
450823001
450829879
450845097
450858093
450949884
450972335
450999224
451084885
451094183
451099774
451254008
451314852
451390982
451458394
451507272
451508609
451509232
451509897
451528233
451536266
451538240
451540413
451562045
451566438
451568169
451573789
451578937
451596415
451599528
451605975
451606385
451606970
451614364
451645081
451682970
451826702
452006073
452049244
452117876
452239214
452267394
452268602
452281203
452355750
452375478
452710149
452808876
452810326
453097744
453100296
453100658
453101061
453105377
453452264
453484274
453668803
453789494
454038613
454069765
454422400
455036659
455311320
455318073
455374178
455387814
455389013
455416026
455481912
455667423
456058602
456556422
456560485
456568184
456574511
456588598
457018819
457202957
457268255
457337619
457403658
457446242
457455011
457462086
457544563
457591834
457649900
457743020
457789844
457793051
457864221
458027465
458108252
458199018
458218716
458300989
458342769
458835698
458836406
458856474
458995583
459007525
459042543
459042546
459236522
459437456
459537996
459604398
459670193
459713293
459850897
459952217
459997974
460140752
460241334
460298963
460316238
460557335
460686828
461022608
461080504
461136782
461272446
461278438
461314413
461927464
461963757
462072242
462206806
462227502
463011281
463103749
463178502
463202584
463203560
463239707
463365347
463402815
463508231
463588146
463590116
463627281
463637465
463640655
463754499
464067218
464280516
464281481
464286489
464287543
464300749
464315739
464326872
464328419
464342159
464372813
464381846
464388115
464405237
464422047
464442433
464442741
464445045
464481762
464482917
464488581
464522606
464548710
464561428
464561795
464589896
464592499
464593883
464597067
464646604
464648853
464658144
464711858
464825418
464832103
464853936
464887100
464889047
464937865
464971546
465013317
465014168
465019072
465046271
465050952
465053247
465055985
465139437
465176038
465179776
465183119
465249457
465275307
465310562
465353204
465377865
465466788
465511152
465540915
465553919
465594558
465617523
465727783
465894544
465933345
465933753
465942387
466055538
466056926
466058558
466097559
466108918
466113537
466114922
466115813
466120902
466129604
466131056
466139024
466146444
466158808
466162076
466167563
466174355
466204759
466206311
466206508
466222485
466231029
466231033
466239544
466249712
466259050
466269416
466273082
466273811
466276212
466278362
466284608
466288033
466292385
466301826
466301827
466305387
466310009
466318137
466318186
466456655
466458872
466500235
466500542
466509525
466524535
466526396
466539668
466670216
466682238
466682727
466687151
466773926
466914134
466920848
466943891
466944145
467019224
467026608
467049618
467088799
467088810
467096183
467273161
467279114
467281353
467316701
467397106
467451300
467461269
467484304
467518208
467526565
467623724
467625517
467637858
467666275
467745656
467805810
467854919
467883607
467902598
467904576
467918103
467931774
467933176
467955232
467962480
467971286
467972182
467972250
468055102
468130429
468133902
468148930
468150795
468152329
468152423
468178519
468187378
468188532
468191285
468193718
468246097
469694751
469775109
469778756
469782185
469789118
469810663
469811655
469811846
469813900
469813927
469815705
469815727
469817942
469821652
469825389
469872118
469877517
469882717
469882867
469884002
469946937
469967533
630318520
684936227
941340744
1234810324
1989628303
